                           2024 

002415                                  2025-011 

           
                     2024 



      


      
       2024 
 10  7.00 






                                          002415
 
                                    

                                        
      
                                        
         
            518                          518 
      
           0571-89986895                0571-89986895

           0571-88075998 0571-89710492  0571-88075998 0571-89710492

           hikvision@hikvision.com      hikvision@hikvision.com



      



                                                                     1
                                                                                         2024 


      

X 



      





      
""



      
 30,000 


      





      www.cninfo.com.cn2024
" "

                                                                                                                                                                    2
                       2024 



1



  



                      2023                                         2022 
                                                               
    2024 
                                                              
                                                                             

    92,495,525,118.30 89,339,856,855.68 89,341,177,610.40  3.53% 83,166,321,681.14 83,167,244,665.69

    11,977,327,023.54 14,107,621,359.66 14,107,726,276.26 -15.10% 12,837,704,462.49 12,837,782,699.68

    11,814,861,641.16 13,665,962,325.65 13,665,962,325.65 -13.55% 12,331,058,280.04 12,331,058,280.04
/
/   13,264,092,022.73 16,623,254,305.92 16,622,209,721.05 -20.20% 10,164,135,382.38 10,165,498,912.07

    1.297             1.520     1.520 -14.67%                      1.370        1.370

    1.297             1.520     1.520 -14.67%                      1.370        1.370

    15.34%            19.64%  19.64% -4.30%                      19.62%         19.62%

                      2023                                         2022 
                                                            
    2024 
                                                              
                                                                             

    132,016,200,156.14 138,848,007,548.55 138,858,122,879.55 -4.93% 119,234,833,850.69 119,244,597,584.64

    80,668,661,062.88 76,354,265,540.14 76,354,265,540.14  5.65% 68,389,337,524.32 68,389,337,524.32

2

                                                                   

                                                                 

    17,817,550,424.43 23,391,545,781.93 23,782,371,582.09 27,504,057,329.85

    1,915,795,733.79 3,148,323,123.50 3,043,629,637.17 3,869,578,529.08

    1,760,276,683.16  3,482,729,220.56 2,908,130,076.06 3,663,725,661.38


    -3,965,909,130.83 3,776,273,089.93 2,793,361,115.70 10,660,366,947.93






                                                                             3
                                     2024 



1 10 

                                                                     

         401,004                                                  340,254

          10 

                                                     
                            
                                                                     

                            36.93%  3,410,150,909            0       50,000,000

                      10.42%           962,504,814           0       231,058,200

  4.88%                                450,795,176           0       22,200,000

                     

 1                          4.18%      385,950,050           0                                                                                                            -

                            2.66%      245,484,168           0                                                                                                            -

  1.98%                                182,510,174           0       51,980,000

                            1.96%      180,775,044           0                                                                                                         -

                      1.69%            155,996,477 116,997,358                                                                                                         -

                            0.70%      64,700,691            0                                                                                                         -

                     

300                         0.69%      63,851,856            0                                                                                                         -

                     
                     
                     
                     
                     

 5% 10  10 
   

                                                                     

 5% 10  10 

                                                                
                                                                

 300                                                                 
                                                                      

         27,920,756  0.30%  15,900  0.00% 63,851,856  0.69%       0  0.00%

 10  10 /
   

                                                                                                                                                                    4
                                                                                         2024 

2 10 

   


3



   




      1
       2024  10  18 ""

"" 2024
 10  19  6 
 2  3  1 
 2 


       2025  4  8 

                                                                                                                                                                    5
                                                                                         2024 

 6,845,600  0.0741% 200,182,737.28 
 3,204,700 
 0.0347% 100,016,373.80 


      
2024  10  19 2024  12  14 2025  1  18 2025  4  9 




      2
      2024  10  18 
 2024  12  9 2024  12  25 2024 

A  25 
 20  40 /

 2024  10  19 2024  12  10 
2024  12  26 
2024 
      2024  12  26  4,003,019
 0.0434% 31.50 / 31.06 /
125,613,283.27 
       2025  3  31 
40,504,219  0.4387% 32.70 / 27.53 /
 1,235,479,288.81 
      
 2024  12  27 


                                                                                                                                                                    6
                                                                                         2024 


      
      2023  3  7 ""

[2023]252
 2023  3  8 

2023-008  2023  3  30 
2023010121 
2023  5  17 
 2023  6  30 
2023010218  2023 
7  27 
 2024  1  15 
2024010010  2025  1  2 



                                                                           
                                                                                            

                                                                                         

                                                                                                                                                                    7
